RRT*
k=5
271.2552588945363, 250.38947386186183, 248.70153797227334, 237.80577646334459, 250.03448031402152, 253.74625422664698, 239.09441310320886, 251.21286586833227, 241.40234742296124, 265.9052230106206, 
Run times: [1.1472175121307373, 6.081437349319458, 5.996135950088501, 0.6795532703399658, 6.5010504722595215, 3.8095619678497314, 0.3845539093017578, 0.5453720092773438, 3.1096346378326416, 1.835402011871338]
Run time avgerage over 10 iterations:3.0089919090271


k=3
260.095278088583, 258.65916543285334, 255.42655716656083, 241.52706371685653, 241.24234757979775, 296.01471219320075, 251.82049776219688, 270.4646191586112, 276.3275820062288, 282.0577169883918, 
Run times: [0.976691484451294, 3.382328748703003, 0.40906381607055664, 4.794196128845215, 0.8411726951599121, 8.753005743026733, 0.2390449047088623, 2.1623990535736084, 2.1086907386779785, 0.5149674415588379]
Run time avgerage over 10 iterations:2.4181560754776





RRT
20% allTheWay
328.7770100891936, 348.6715409646125, 264.7725744673811, 435.61876051870547, 281.5720581576455, 747.2271383044032, 447.30474915222317, 487.42029896367774, 338.3478920883761, 351.53016031609604, 
Run times: [36.21188521385193, 10.78528118133545, 5.924662828445435, 0.6618669033050537, 8.157407283782959, 2.5856144428253174, 2.71235728263855, 2.486154794692993, 131.74355936050415, 5.925859212875366]
Run time avgerage over 10 iterations:20.71946485042572


5% allTheWay
530.8125891895028, 440.0033913360453, 374.3193488993957, 456.6269552000931, 344.86199192609314, 307.59287420943605, 308.35602579916593, 424.7593417356445, 352.41089574951485, 377.9991962078235, 
Run times: [0.4235720634460449, 2.1843345165252686, 0.8489611148834229, 12.022592782974243, 18.32550859451294, 0.9817416667938232, 3.2215607166290283, 0.721362829208374, 16.717300176620483, 14.291508436203003]
Run time avgerage over 10 iterations:6.973844289779663


20% step=10
349.5655490464445, 314.3847284085167, 268.99184329454494, 269.9678359385029, 255.5515204345909, 297.49873349237816, 269.01463269695324, 333.4020297212703, 374.5568052586281, 262.1804818689091, 
Run times: [1.7242388725280762, 0.24168062210083008, 0.1229240894317627, 0.1394977569580078, 0.42232394218444824, 0.21308517456054688, 0.2862405776977539, 21.458399057388306, 3.057180166244507, 0.15039396286010742]
Run time avgerage over 10 iterations:2.7815964221954346


5% step=10
272.095808572121, 297.4391853393929, 305.85769676071715, 336.72067291264693, 280.1093060243241, 325.1483778662502, 290.00489042437584, 312.91175355202944, 298.74078677948427, 288.4000239871966, 
Run times: [0.3682715892791748, 0.739152193069458, 5.192229270935059, 24.332393169403076, 0.29439282417297363, 179.42040944099426, 0.382218599319458, 5.366450071334839, 0.18723726272583008, 7.977508306503296]
Run time avgerage over 10 iterations:22.426026272773743
